1000   1000
1000   150
1250   150
1495   750
1500   1000
1500   150
1700   800
1750   150
1750   700
195    100
1995   1000
2000   1500
2000   150
2000   500
200    150
200    50
2495   1250
2500   2000
2500   750
295    150
2995   1500
3000   1000
3000   2000
300    100
300    300
495    250
500    150
500    500
750    150
995    500
400    150
625    150
2500   150
20     5
15     5
9      5 
100    150
1000   50
50     20
30     10
200    20
150    20
75     20
120    50
1000   10
100    10
200    40
200    30
200    20
200    10
100    10
50     10
